1766734889714 1.41936 0
1766734916157 1.46169 1
1766734942223 1.39286 2
1766734968055 1.38237 3
1766734993998 1.35341 4
1766735020095 1.30088 5
1766735046234 1.24622 6
1766735072397 1.20868 7
1766735098785 1.25385 8
1766735125214 1.25157 9
1766735151528 1.13492 10
1766735177667 1.1584 11
1766735203634 1.12776 12
1766735229418 1.16569 13
1766735255246 1.16486 14
1766735281061 1.15151 15
1766735306986 1.12302 16
1766735332768 1.12559 17
1766735358470 1.105 18
1766735384171 1.08918 19
1766735409868 1.1077 20
1766735435539 1.07642 21
1766735461218 1.0997 22
1766735486985 1.09678 23
1766735512814 1.01232 24
1766735538683 1.0545 25
1766735564377 1.00754 26
