1766734889714 2.60475 0
1766734916157 1.86624 1
1766734942223 1.64145 2
1766734968055 1.57385 3
1766734993998 1.58001 4
1766735020095 1.46739 5
1766735046234 1.40104 6
1766735072397 1.39195 7
1766735098785 1.39978 8
1766735125214 1.36135 9
1766735151528 1.30512 10
1766735177667 1.32209 11
1766735203634 1.32335 12
1766735229418 1.26412 13
1766735255246 1.30096 14
1766735281061 1.26651 15
1766735306986 1.25855 16
1766735332768 1.23149 17
1766735358470 1.25075 18
1766735384171 1.22794 19
1766735409868 1.19992 20
1766735435539 1.20508 21
1766735461218 1.20921 22
1766735486985 1.20309 23
1766735512814 1.16915 24
1766735538683 1.19466 25
1766735564377 1.16102 26
