1766734889714 1.27974 0
1766734916157 1.3963 1
1766734942223 1.32056 2
1766734968055 1.31082 3
1766734993998 1.33792 4
1766735020095 1.26669 5
1766735046234 1.25128 6
1766735072397 1.22796 7
1766735098785 1.25113 8
1766735125214 1.26718 9
1766735151528 1.19154 10
1766735177667 1.20445 11
1766735203634 1.18354 12
1766735229418 1.18895 13
1766735255246 1.19715 14
1766735281061 1.20393 15
1766735306986 1.18656 16
1766735332768 1.19329 17
1766735358470 1.19243 18
1766735384171 1.16829 19
1766735409868 1.16965 20
1766735435539 1.16198 21
1766735461218 1.16141 22
1766735486985 1.1597 23
1766735512814 1.12582 24
1766735538683 1.14912 25
1766735564377 1.12823 26
