1766734889714 0.0005519373601789709 0
1766734916157 0.001093897427013423 1
1766734942223 0.0016221047438478747 2
1766734968055 0.0016051126250000002 3
1766734993998 0.0015844835000000002 4
1766735020095 0.001563854375 5
1766735046234 0.0015432252500000002 6
1766735072397 0.001522596125 7
1766735098785 0.001501967 8
1766735125214 0.001481337875 9
1766735151528 0.00146070875 10
1766735177667 0.0014400796250000002 11
1766735203634 0.0014194505000000002 12
1766735229418 0.001398821375 13
1766735255246 0.00137819225 14
1766735281061 0.001357563125 15
1766735306986 0.0013369340000000001 16
1766735332768 0.001316304875 17
1766735358470 0.00129567575 18
1766735384171 0.001275046625 19
1766735409868 0.0012544175 20
1766735435539 0.001233788375 21
1766735461218 0.00121315925 22
1766735486985 0.001192530125 23
1766735512814 0.001171901 24
1766735538683 0.0011512718750000001 25
1766735564377 0.00113064275 26
