1766734892423 0.33756 0
1766734918990 0.33129 1
1766734945021 0.28688 2
1766734970818 0.37838 3
1766734996870 0.41884 4
1766735022977 0.4531 5
1766735049030 0.38191 6
1766735075312 0.44576 7
1766735101696 0.47882 8
1766735128020 0.46282 9
1766735154302 0.47233 10
1766735180424 0.46681 11
1766735206366 0.48312 12
1766735232157 0.43272 13
1766735258005 0.47891 14
1766735283944 0.47776 15
1766735309815 0.48294 16
1766735335496 0.48929 17
1766735361207 0.48818 18
1766735386912 0.48116 19
1766735412607 0.45015 20
1766735438256 0.44952 21
1766735463967 0.48357 22
1766735489716 0.48975 23
1766735515552 0.46696 24
1766735541417 0.48293 25
1766735567102 0.47806 26
1766735572326 0.48236130258425136 26
