1766734892423 0.21163 0
1766734918990 0.20644 1
1766734945021 0.17006 2
1766734970818 0.20645 3
1766734996870 0.27672 4
1766735022977 0.29864 5
1766735049030 0.25203 6
1766735075312 0.29938 7
1766735101696 0.3385 8
1766735128020 0.32172 9
1766735154302 0.33062 10
1766735180424 0.30412 11
1766735206366 0.32872 12
1766735232157 0.28735 13
1766735258005 0.33391 14
1766735283944 0.34408 15
1766735309815 0.35439 16
1766735335496 0.35174 17
1766735361207 0.34836 18
1766735386912 0.33467 19
1766735412607 0.31825 20
1766735438256 0.32865 21
1766735463967 0.34342 22
1766735489716 0.34754 23
1766735515552 0.33408 24
1766735541417 0.34146 25
1766735567102 0.3486 26
1766735572326 0.35400923756592106 26
