1766734892423 0.35174 0
1766734918990 0.32412 1
1766734945021 0.34573 2
1766734970818 0.36421 3
1766734996870 0.39332 4
1766735022977 0.43124 5
1766735049030 0.40764 6
1766735075312 0.39084 7
1766735101696 0.43199 8
1766735128020 0.44228 9
1766735154302 0.43545 10
1766735180424 0.44362 11
1766735206366 0.43609 12
1766735232157 0.42354 13
1766735258005 0.45879 14
1766735283944 0.44444 15
1766735309815 0.43109 16
1766735335496 0.45779 17
1766735361207 0.46565 18
1766735386912 0.43334 19
1766735412607 0.41857 20
1766735438256 0.45137 21
1766735463967 0.44843 22
1766735489716 0.43051 23
1766735515552 0.44428 24
1766735541417 0.44359 25
1766735567102 0.45166 26
1766735572326 0.4309307504310359 26
