1766734892423 0.49221 0
1766734918990 0.55764 1
1766734945021 0.4869 2
1766734970818 0.66204 3
1766734996870 0.66973 4
1766735022977 0.68382 5
1766735049030 0.60681 6
1766735075312 0.8124 7
1766735101696 0.8074 8
1766735128020 0.78944 9
1766735154302 0.72026 10
1766735180424 0.74571 11
1766735206366 0.78467 12
1766735232157 0.74369 13
1766735258005 0.76685 14
1766735283944 0.81196 15
1766735309815 0.78955 16
1766735335496 0.76142 17
1766735361207 0.75328 18
1766735386912 0.78866 19
1766735412607 0.81915 20
1766735438256 0.73917 21
1766735463967 0.82363 22
1766735489716 0.8573 23
1766735515552 0.79542 24
1766735541417 0.8149 25
1766735567102 0.81889 26
1766735572326 0.7890994729406919 26
